k = 0
Y = (0, 0, 0, 0, 0, 0, 0, 0, 0, 0, 0, 0, 0, 0, 0, 0),
W = (0.0, 0.0, 0.0, 0.0, 0.0), E = 9


k = 1
Y = (0, 0, 0, 0, 0, 0, 0, 0, 0, 0, 0, 0, 0, 0, 0, 0),
W = (0.0, -0.3, 0.0, 0.0, -0.3), E = 9


k = 2
Y = (1, 0, 1, 0, 1, 0, 1, 0, 0, 0, 0, 0, 0, 0, 0, 0),
W = (0.3, -0.6, 0.0, 0.0, -0.3), E = 5


k = 3
Y = (1, 1, 1, 1, 1, 1, 1, 1, 0, 0, 0, 0, 0, 0, 0, 0),
W = (0.6, -0.6, 0.0, 0.0, -0.3), E = 1


k = 4
Y = (1, 0, 1, 0, 1, 0, 1, 0, 0, 0, 0, 0, 0, 0, 0, 0),
W = (0.6, -0.6, 0.0, 0.0, -0.6), E = 5


k = 5
Y = (1, 0, 1, 0, 1, 0, 1, 0, 0, 0, 0, 0, 0, 0, 0, 0),
W = (0.6, -0.9, 0.0, 0.0, -0.6), E = 5


k = 6
Y = (1, 1, 1, 1, 1, 1, 1, 1, 0, 0, 0, 0, 0, 0, 0, 0),
W = (0.9, -0.9, 0.0, 0.0, -0.6), E = 1


k = 7
Y = (1, 0, 1, 0, 1, 0, 1, 0, 0, 0, 0, 0, 0, 0, 0, 0),
W = (0.9, -0.9, 0.0, 0.0, -0.9), E = 5


k = 8
Y = (1, 0, 1, 0, 1, 0, 1, 0, 0, 0, 0, 0, 0, 0, 0, 0),
W = (0.9, -1.2, 0.0, 0.0, -0.9), E = 5


k = 9
Y = (1, 1, 1, 1, 1, 1, 1, 1, 0, 0, 0, 0, 0, 0, 0, 0),
W = (1.2, -1.2, 0.0, 0.0, -0.9), E = 1


k = 10
Y = (1, 0, 1, 0, 1, 0, 1, 0, 0, 0, 0, 0, 0, 0, 0, 0),
W = (1.2, -1.2, 0.0, 0.0, -1.2), E = 5


k = 11
Y = (1, 1, 1, 0, 1, 1, 1, 0, 0, 0, 0, 0, 0, 0, 0, 0),
W = (1.2, -1.5, 0.0, -0.3, -0.9), E = 3


k = 12
Y = (1, 1, 1, 1, 1, 1, 1, 1, 0, 0, 0, 0, 0, 0, 0, 0),
W = (1.5, -1.5, 0.0, 0.0, -0.9), E = 1


k = 13
Y = (1, 1, 1, 1, 1, 1, 1, 1, 0, 0, 0, 0, 0, 0, 0, 0),
W = (1.5, -1.5, 0.0, 0.0, -1.2), E = 1


k = 14
Y = (1, 1, 1, 0, 1, 1, 1, 0, 0, 0, 0, 0, 0, 0, 0, 0),
W = (1.5, -1.5, 0.0, -0.3, -1.2), E = 3


k = 15
Y = (1, 1, 1, 1, 1, 1, 1, 1, 0, 0, 0, 0, 0, 0, 0, 0),
W = (1.5, -1.8, 0.0, -0.3, -0.9), E = 1


k = 16
Y = (1, 1, 1, 0, 1, 1, 1, 0, 0, 0, 0, 0, 0, 0, 0, 0),
W = (1.5, -1.8, 0.0, -0.6, -0.9), E = 3


k = 17
Y = (1, 1, 1, 1, 1, 1, 1, 1, 0, 0, 0, 0, 0, 0, 0, 0),
W = (1.8, -1.8, 0.0, -0.3, -0.9), E = 1


k = 18
Y = (1, 1, 1, 1, 1, 1, 1, 1, 0, 0, 0, 0, 0, 0, 0, 0),
W = (1.8, -1.8, 0.0, -0.3, -1.2), E = 1


k = 19
Y = (1, 1, 1, 1, 1, 1, 1, 1, 0, 0, 0, 0, 0, 0, 0, 0),
W = (1.8, -1.8, 0.0, -0.6, -1.2), E = 1


k = 20
Y = (1, 1, 1, 0, 1, 1, 1, 0, 0, 0, 0, 0, 0, 0, 0, 0),
W = (1.8, -1.8, 0.0, -0.9, -1.2), E = 3


k = 21
Y = (1, 1, 1, 1, 1, 1, 1, 1, 0, 0, 0, 0, 0, 0, 0, 0),
W = (1.8, -2.1, 0.0, -0.9, -0.9), E = 1


k = 22
Y = (1, 1, 1, 1, 1, 1, 1, 1, 1, 0, 0, 0, 1, 0, 0, 0),
W = (2.1, -1.8, 0.3, -0.9, -0.9), E = 1


k = 23
Y = (1, 1, 1, 1, 1, 1, 1, 1, 1, 0, 0, 0, 1, 0, 0, 0),
W = (2.1, -1.8, 0.6, -0.9, -0.9), E = 1


k = 24
Y = (1, 1, 1, 1, 1, 1, 1, 1, 0, 0, 0, 0, 1, 0, 0, 0),
W = (1.8, -2.1, 0.6, -0.9, -0.9), E = 0


