k = 0
Y = (0, 0, 0, 0, 0, 0, 0, 0, 0, 0, 0, 0, 0, 0, 0, 0),
W = (0.0, 0.0, 0.0, 0.0, 0.0), E = 9


k = 1
Y = (1, 0, 1, 0, 1, 0, 1, 0, 0, 0, 0, 0, 0, 0, 0, 0),
W = (0.0, -0.075, 0.0, 0.0, -0.075), E = 5


k = 2
Y = (1, 0, 1, 0, 1, 0, 1, 0, 0, 0, 0, 0, 0, 0, 0, 0),
W = (0.0, -0.15, 0.0, 0.0, -0.075), E = 5


k = 3
Y = (1, 1, 1, 1, 1, 1, 1, 1, 0, 0, 0, 0, 0, 0, 0, 0),
W = (0.075, -0.15, 0.0, 0.0, -0.074), E = 1


k = 4
Y = (1, 0, 1, 0, 1, 0, 1, 0, 0, 0, 0, 0, 0, 0, 0, 0),
W = (0.075, -0.15, 0.0, 0.0, -0.149), E = 5


k = 5
Y = (1, 0, 1, 0, 1, 0, 1, 0, 0, 0, 0, 0, 0, 0, 0, 0),
W = (0.075, -0.225, -0.0, 0.0, -0.149), E = 5


k = 6
Y = (1, 1, 1, 1, 1, 1, 1, 1, 0, 0, 0, 0, 0, 0, 0, 0),
W = (0.15, -0.225, -0.0, 0.0, -0.149), E = 1


k = 7
Y = (1, 1, 1, 0, 1, 1, 1, 0, 0, 0, 0, 0, 0, 0, 0, 0),
W = (0.15, -0.225, 0.0, -0.075, -0.149), E = 3


k = 8
Y = (1, 1, 1, 1, 1, 1, 1, 1, 0, 0, 0, 0, 0, 0, 0, 0),
W = (0.149, -0.3, -0.0, -0.075, -0.074), E = 1


k = 9
Y = (1, 1, 1, 1, 1, 1, 1, 1, 0, 0, 0, 0, 1, 0, 0, 0),
W = (0.224, -0.225, 0.074, -0.075, -0.074), E = 0


